1775046355359 2.5e-05 100
1775046451281 5e-05 200
1775046538385 7.5e-05 300
1775046626392 0.0001 400
1775046711368 0.000125 500
1775046791317 0.00015 600
1775046929195 0.000175 700
1775046990235 0.0002 800
1775047055330 0.00022500000000000002 900
1775047118994 0.00025 1000
1775047186746 0.00025 1100
1775047260954 0.00025 1200
1775047342228 0.00025 1300
1775047464674 0.00025 1400
1775047526464 0.00025 1500
1775047587712 0.00025 1600
1775047649433 0.00025 1700
1775047711337 0.00025 1800
1775047773300 0.00025 1900
1775047871109 0.00025 2000
1775047932621 0.00025 2100
1775047994592 0.00025 2200
1775048056450 0.00025 2300
1775048118487 0.00025 2400
1775048180531 0.00025 2500
1775048242590 0.00025 2600
1775048339215 0.00025 2700
1775048401206 0.00025 2800
1775048463130 0.00025 2900
1775048525158 0.00025 3000
1775048587219 0.00025 3100
1775048650057 0.00025 3200
1775048716596 0.00025 3300
1775048813419 0.0002125 3400
1775048877316 0.0002125 3500
1775048939361 0.0002125 3600
1775049001421 0.0002125 3700
1775049063527 0.0002125 3800
1775049125703 0.0002125 3900
1775049223285 0.00018062499999999999 4000
1775049284350 0.00018062499999999999 4100
1775049346564 0.00018062499999999999 4200
1775049408790 0.00018062499999999999 4300
1775049472380 0.00018062499999999999 4400
1775049557079 0.00018062499999999999 4500
1775049638143 0.00018062499999999999 4600
1775049762374 0.00015353125 4700
1775049827107 0.00015353125 4800
1775049890366 0.00015353125 4900
1775049954087 0.00015353125 5000
1775050016207 0.00015353125 5100
1775050078432 0.00015353125 5200
1775050174010 0.0001305015625 5300
1775050235962 0.0001305015625 5400
1775050298080 0.0001305015625 5500
1775050360282 0.0001305015625 5600
1775050422463 0.0001305015625 5700
1775050484561 0.0001305015625 5800
1775050546627 0.0001305015625 5900
1775050642409 0.00011092632812499999 6000
1775050704629 0.00011092632812499999 6100
1775050766648 0.00011092632812499999 6200
1775050828794 0.00011092632812499999 6300
1775050891050 0.00011092632812499999 6400
