1775046355359 0.6054459591903308 100
1775046451281 0.4484470345784183 200
1775046538385 0.3580984406891059 300
1775046626392 0.30411534531604023 400
1775046711368 0.2695940376041892 500
1775046791317 0.24613396563069792 600
1775046929195 0.12802757819493613 700
1775046990235 0.12789125183074596 800
1775047055330 0.12769625239292448 900
1775047118994 0.12734558035490434 1000
1775047186746 0.1268451883031187 1100
1775047260954 0.12622948818890195 1200
1775047342228 0.12536912315841386 1300
1775047464674 0.11820916850845535 1400
1775047526464 0.11671860154065708 1500
1775047587712 0.11491445989922926 1600
1775047649433 0.11325998232756748 1700
1775047711337 0.11159553738072733 1800
1775047773300 0.11002429355213506 1900
1775047871109 0.09786168485879898 2000
1775047932621 0.0971601558768231 2100
1775047994592 0.09577559388654176 2200
1775048056450 0.09465383303070825 2300
1775048118487 0.09369797539639185 2400
1775048180531 0.09294545705457335 2500
1775048242590 0.09211319227044175 2600
1775048339215 0.08562873992717492 2700
1775048401206 0.08524568091615353 2800
1775048463130 0.08476902250009091 2900
1775048525158 0.08455942830772643 3000
1775048587219 0.08415626326604658 3100
1775048650057 0.08369995777581096 3200
1775048716596 0.08335958858224553 3300
1775048813419 0.07936086063529109 3400
1775048877316 0.07959591070706931 3500
1775048939361 0.07935004330582635 3600
1775049001421 0.07909336364101571 3700
1775049063527 0.0787935107187681 3800
1775049125703 0.07862687090730103 3900
1775049223285 0.07616239683381443 4000
1775049284350 0.07583049580801365 4100
1775049346564 0.07577902589432538 4200
1775049408790 0.07565453107324414 4300
1775049472380 0.0754123984169571 4400
1775049557079 0.07532828289923911 4500
1775049638143 0.07522650199256754 4600
1775049762374 0.0736287534236908 4700
1775049827107 0.07326665899889198 4800
1775049890366 0.0734174395545145 4900
1775049954087 0.07325167684975697 5000
1775050016207 0.07310297707897437 5100
1775050078432 0.07293445767417576 5200
1775050174010 0.0739240139722824 5300
1775050235962 0.07118835367617153 5400
1775050298080 0.07110343788091729 5500
1775050360282 0.07131046821348003 5600
1775050422463 0.0713687785797649 5700
1775050484561 0.07127901492732586 5800
1775050546627 0.0710904704637764 5900
1775050642409 0.07026226957177006 6000
1775050704629 0.0700262031563512 6100
1775050766648 0.06997477704728092 6200
1775050828794 0.06982161169844536 6300
1775050891050 0.06986370573396339 6400
