1775046355359 0.005744962888483954 100
1775046451281 0.0050758179184512715 200
1775046538385 0.004871694074071127 300
1775046626392 0.004774588292599319 400
1775046711368 0.004722254562699152 500
1775046791317 0.004691373377096237 600
1775046929195 0.004541750328663068 700
1775046990235 0.004574490309083205 800
1775047055330 0.004590181244155353 900
1775047118994 0.004615192875749593 1000
1775047186746 0.0046135562987561106 1100
1775047260954 0.004626067904738194 1200
1775047342228 0.00462985544499004 1300
1775047464674 0.004568667937215273 1400
1775047526464 0.00462778241999742 1500
1775047587712 0.0046695305189178304 1600
1775047649433 0.00469915912207463 1700
1775047711337 0.004719644960648609 1800
1775047773300 0.004733804916798345 1900
1775047871109 0.004716920231779416 2000
1775047932621 0.004760850982173629 2100
1775047994592 0.0047799781657928645 2200
1775048056450 0.004784017860416382 2300
1775048118487 0.0047895723347922406 2400
1775048180531 0.0047930413224164725 2500
1775048242590 0.0047955937380713175 2600
1775048339215 0.0047507889498517196 2700
1775048401206 0.004785839176061107 2800
1775048463130 0.004790719304042372 2900
1775048525158 0.004795099795919977 3000
1775048587219 0.004798292406478991 3100
1775048650057 0.00479973985006861 3200
1775048716596 0.004796283724639354 3300
1775048813419 0.0047277349692124585 3400
1775048877316 0.004756722999102782 3500
1775048939361 0.004773037764163771 3600
1775049001421 0.004781849253589235 3700
1775049063527 0.004787546041935622 3800
1775049125703 0.004792359589824418 3900
1775049223285 0.004734030378789738 4000
1775049284350 0.004732144722180773 4100
1775049346564 0.004770326212569095 4200
1775049408790 0.004785141644370955 4300
1775049472380 0.004786151767402262 4400
1775049557079 0.00477397485525261 4500
1775049638143 0.004761228068407465 4600
1775049762374 0.004583357207810701 4700
1775049827107 0.004624067878205619 4800
1775049890366 0.004666084605042408 4900
1775049954087 0.004693431764516259 5000
1775050016207 0.004719313517276684 5100
1775050078432 0.004737605286574869 5200
1775050174010 0.0047429375350475315 5300
1775050235962 0.004800319778067725 5400
1775050298080 0.004807409371544675 5500
1775050360282 0.004811803434715896 5600
1775050422463 0.00481358279508573 5700
1775050484561 0.004813380343931736 5800
1775050546627 0.004812797189744051 5900
1775050642409 0.0048031528415374974 6000
1775050704629 0.004816958081576374 6100
1775050766648 0.004812695752875304 6200
1775050828794 0.004813746725678791 6300
1775050891050 0.004816287905650537 6400
