1775046355359 0.0035272282870984313 100
1775046451281 0.003307342297624593 200
1775046538385 0.002985145432558963 300
1775046626392 0.0028358626311779617 400
1775046711368 0.0026926465607629325 500
1775046791317 0.0025280045404311225 600
1775046929195 0.00029382047553857166 700
1775046990235 0.00020964339161090714 800
1775047055330 0.00031777246071953156 900
1775047118994 0.0003105170233587248 1000
1775047186746 0.00039443206084480587 1100
1775047260954 0.0005272916675388039 1200
1775047342228 0.0007098088032203102 1300
1775047464674 0.0006018973790205918 1400
1775047526464 0.00034625169500119267 1500
1775047587712 0.00023400289299040496 1600
1775047649433 0.0001812874579145042 1700
1775047711337 0.00015044980438375373 1800
1775047773300 0.00013031944167675964 1900
1775047871109 0.0005176919202009837 2000
1775047932621 9.676047965236332e-05 2100
1775047994592 6.761500655218612e-05 2200
1775048056450 5.6905967612115166e-05 2300
1775048118487 5.1391407488340355e-05 2400
1775048180531 4.805606401082382e-05 2500
1775048242590 4.578709481208305e-05 2600
1775048339215 0.00016808084581258163 2700
1775048401206 8.045268409392414e-05 2800
1775048463130 6.196452047042696e-05 2900
1775048525158 5.404090260817714e-05 3000
1775048587219 4.954229439989094e-05 3100
1775048650057 5.815535864605826e-05 3200
1775048716596 0.00011285246673623417 3300
1775048813419 0.00024764428099433147 3400
1775048877316 0.0002238028707148517 3500
1775048939361 0.00015925167966954077 3600
1775049001421 0.00012755482112202803 3700
1775049063527 0.00010870141403980993 3800
1775049125703 9.636289728474496e-05 3900
1775049223285 0.00034669382048064265 4000
1775049284350 0.00010460467879162278 4100
1775049346564 7.431921610145069e-05 4200
1775049408790 6.26309902200583e-05 4300
1775049472380 8.832138804566888e-05 4400
1775049557079 0.00042885120444013854 4500
1775049638143 0.0006202786260644279 4600
1775049762374 0.0010307526021306195 4700
1775049827107 0.0006538210938612144 4800
1775049890366 0.0004841023393338093 4900
1775049954087 0.0004084244908445213 5000
1775050016207 0.0003282383794256145 5100
1775050078432 0.00027627780429059654 5200
1775050174010 0.0014856569468975067 5300
1775050235962 0.000102095589751289 5400
1775050298080 6.862309102605029e-05 5500
1775050360282 5.723953735632975e-05 5600
1775050422463 5.1457448690025895e-05 5700
1775050484561 4.8017712070210146e-05 5800
1775050546627 4.5763759696779174e-05 5900
1775050642409 0.00019940573635489442 6000
1775050704629 8.366432796408246e-05 6100
1775050766648 6.310409509841307e-05 6200
1775050828794 5.4656612108469705e-05 6300
1775050891050 4.9989544376562734e-05 6400
