1775046355359 0.009272190732973636 100
1775046451281 0.008383156277647066 200
1775046538385 0.007856833491709542 300
1775046626392 0.0076104439562767225 400
1775046711368 0.0074148940149241106 500
1775046791317 0.007219370683893785 600
1775046929195 0.004835560774573913 700
1775046990235 0.004784125392492727 800
1775047055330 0.004907945529499314 900
1775047118994 0.004925701508963354 1000
1775047186746 0.005007980213180219 1100
1775047260954 0.005153351250849318 1200
1775047342228 0.005339655608335198 1300
1775047464674 0.005170557599563103 1400
1775047526464 0.004974026064583137 1500
1775047587712 0.0049035254368282825 1600
1775047649433 0.004880439065179395 1700
1775047711337 0.0048700876815139125 1800
1775047773300 0.004864117250078886 1900
1775047871109 0.0052346035838127134 2000
1775047932621 0.00485760253732619 2100
1775047994592 0.004847583633869193 2200
1775048056450 0.004840914763155437 2300
1775048118487 0.004840954958674419 2400
1775048180531 0.004841088688055288 2500
1775048242590 0.0048413721859697405 2600
1775048339215 0.004918862099073968 2700
1775048401206 0.004866283642602902 2800
1775048463130 0.0048526757113311605 2900
1775048525158 0.0048491324195189785 3000
1775048587219 0.004847826707540758 3100
1775048650057 0.004857887360679952 3200
1775048716596 0.0049091283471578845 3300
1775048813419 0.004975368176679035 3400
1775048877316 0.0049805142941119155 3500
1775048939361 0.004932277474257955 3600
1775049001421 0.0049093925415554926 3700
1775049063527 0.004896236063870782 3800
1775049125703 0.00488871132069332 3900
1775049223285 0.0050807145648989185 4000
1775049284350 0.004836740723067476 4100
1775049346564 0.004844635464739071 4200
1775049408790 0.004847763411949833 4300
1775049472380 0.004874464028920882 4400
1775049557079 0.005202817285190458 4500
1775049638143 0.005381498050495437 4600
1775049762374 0.005614100830323661 4700
1775049827107 0.005277880082676511 4800
1775049890366 0.005150179103128472 4900
1775049954087 0.005101848226192861 5000
1775050016207 0.005047543951543547 5100
1775050078432 0.005013875180372485 5200
1775050174010 0.006228586658835411 5300
1775050235962 0.004902406622256552 5400
1775050298080 0.004876024003435926 5500
1775050360282 0.0048690345993296046 5600
1775050422463 0.004865032328683653 5700
1775050484561 0.004861390255022757 5800
1775050546627 0.004858553126331203 5900
1775050642409 0.005002550304282543 6000
1775050704629 0.0049006134349774645 6100
1775050766648 0.004875791132634069 6200
1775050828794 0.004868394784824841 6300
1775050891050 0.004866269007156988 6400
